54 53 52 51 50 
59 58 57 56 55 
64 63 62 61 60 
69 68 67 66 65 
74 73 72 71 70 
79 78 77 76 75 
84 83 82 81 80 
89 88 87 86 85 
94 93 92 91 90 
99 98 97 96 95 
104 103 102 101 100 
109 108 107 106 105 
114 113 112 111 110 
119 118 117 116 115 
124 123 122 121 120 
129 128 127 126 125 
134 133 132 131 130 
139 138 137 136 135 
144 143 142 141 140 
149 148 147 146 145 
154 153 152 151 150 
159 158 157 156 155 
164 163 162 161 160 
169 168 167 166 165 
174 173 172 171 170 
179 178 177 176 175 
184 183 182 181 180 
189 188 187 186 185 
194 193 192 191 190 
199 198 197 196 195 
204 203 202 201 200 
209 208 207 206 205 
214 213 212 211 210 
219 218 217 216 215 
224 223 222 221 220 
229 228 227 226 225 
234 233 232 231 230 
239 238 237 236 235 
244 243 242 241 240 
249 248 247 246 245 
254 253 252 251 250 
259 258 257 256 255 
264 263 262 261 260 
269 268 267 266 265 
274 273 272 271 270 
279 278 277 276 275 
284 283 282 281 280 
289 288 287 286 285 
294 293 292 291 290 
299 298 297 296 295 
304 303 302 301 300 
309 308 307 306 305 
314 313 312 311 310 
319 318 317 316 315 
324 323 322 321 320 
329 328 327 326 325 
334 333 332 331 330 
339 338 337 336 335 
344 343 342 341 340 
349 348 347 346 345 
354 353 352 351 350 
359 358 357 356 355 
364 363 362 361 360 
369 368 367 366 365 
374 373 372 371 370 
379 378 377 376 375 
384 383 382 381 380 
389 388 387 386 385 
394 393 392 391 390 
399 398 397 396 395 
404 403 402 401 400 
409 408 407 406 405 
414 413 412 411 410 
419 418 417 416 415 
424 423 422 421 420 
429 428 427 426 425 
434 433 432 431 430 
439 438 437 436 435 
444 443 442 441 440 
449 448 447 446 445 
