-998 -999 -1000 
-995 -996 -997 
-992 -993 -994 
-989 -990 -991 
-986 -987 -988 
-983 -984 -985 
-980 -981 -982 
-977 -978 -979 
-974 -975 -976 
-971 -972 -973 
-968 -969 -970 
-965 -966 -967 
-962 -963 -964 
-959 -960 -961 
-956 -957 -958 
-953 -954 -955 
-950 -951 -952 
-947 -948 -949 
-944 -945 -946 
-941 -942 -943 
-938 -939 -940 
-935 -936 -937 
-932 -933 -934 
-929 -930 -931 
-926 -927 -928 
-923 -924 -925 
-920 -921 -922 
-917 -918 -919 
-914 -915 -916 
-911 -912 -913 
-908 -909 -910 
-905 -906 -907 
-902 -903 -904 
-899 -900 -901 
-896 -897 -898 
-893 -894 -895 
-890 -891 -892 
-887 -888 -889 
-884 -885 -886 
-881 -882 -883 
-878 -879 -880 
-875 -876 -877 
-872 -873 -874 
-869 -870 -871 
-866 -867 -868 
-863 -864 -865 
-860 -861 -862 
-857 -858 -859 
-854 -855 -856 
-851 -852 -853 
-848 -849 -850 
-845 -846 -847 
-842 -843 -844 
-839 -840 -841 
-836 -837 -838 
-833 -834 -835 
-830 -831 -832 
-827 -828 -829 
-824 -825 -826 
-821 -822 -823 
-818 -819 -820 
-815 -816 -817 
-812 -813 -814 
-809 -810 -811 
-806 -807 -808 
-803 -804 -805 
-800 -801 -802 
-797 -798 -799 
-794 -795 -796 
-791 -792 -793 
-788 -789 -790 
-785 -786 -787 
-782 -783 -784 
-779 -780 -781 
-776 -777 -778