-1000
-999
-998
-1997
-1999
-997
-996
-995
-1991
-1993
-994
-993
-992
-1985
-1987
-991
-990
-989
-1979
-1981
-988
-987
-986
-1973
-1975
-985
-984
-983
-1967
-1969
-982
-981
-980
-1961
-1963
-979
-978
-977
-1955
-1957
-976
-975
-974
-1949
-1951
-973
-972
-971
-1943
-1945
-970
-969
-968
-1937
-1939
-967
-966
-965
-1931
-1933
-964
-963
-962
-1925
-1927
-961
-960
-959
-1919
-1921
-958
-957
-956
-1913
-1915
-955
-954
-953
-1907
-1909
-952
-951
-950
-1901
-1903
-949
-948
-947
-1895
-1897
-946
-945
-944
-1889
-1891
-943
-942
-941
-1883
-1885
-940
-939
-938
-1877
-1879
-937
-936
-935
-1871
-1873
-934
-933
-932
-1865
-1867
-931
-930
-929
-1859
-1861
-928
-927
-926
-1853
-1855
-925
-924
-923
-1847
-1849
-922
-921
-920
-1841
-1843
-919
-918
-917
-1835
-1837
-916
-915
-914
-1829
-1831
-913
-912
-911
-1823
-1825
-910
-909
-908
-1817
-1819
-907
-906
-905
-1811
-1813
-904
-903
-902
-1805
-1807
-901
-900
-899
-1799
-1801
-898
-897
-896
-1793
-1795
-895
-894
-893
-1787
-1789
-892
-891
-890
-1781
-1783
-889
-888
-887
-1775
-1777
-886
-885
-884
-1769
-1771
-883
-882
-881
-1763
-1765
-880
-879
-878
-1757
-1759
-877
-876
-875
-1751
-1753
-874
-873
-872
-1745
-1747
-871
-870
-869
-1739
-1741
-868
-867
-866
-1733
-1735
-865
-864
-863
-1727
-1729
-862
-861
-860
-1721
-1723
-859
-858
-857
-1715
-1717
-856
-855
-854
-1709
-1711
-853
-852
-851
-1703
-1705
-850
-849
-848
-1697
-1699
-847
-846
-845
-1691
-1693
-844
-843
-842
-1685
-1687
-841
-840
-839
-1679
-1681
-838
-837
-836
-1673
-1675
-835
-834
-833
-1667
-1669
-832
-831
-830
-1661
-1663
-829
-828
-827
-1655
-1657
-826
-825
-824
-1649
-1651
-823
-822
-821
-1643
-1645
-820
-819
-818
-1637
-1639
-817
-816
-815
-1631
-1633
-814
-813
-812
-1625
-1627
-811
-810
-809
-1619
-1621
-808
-807
-806
-1613
-1615
-805
-804
-803
-1607
-1609
-802
-801
-800
-1601
-1603
-799
-798
-797
-1595
-1597
-796
-795
-794
-1589
-1591
-793
-792
-791
-1583
-1585
-790
-789
-788
-1577
-1579
-787
-786
-785
-1571
-1573
-784
-783
-782
-1565
-1567
-781
-780
-779
-1559
-1561
-778
-777
-776
-1553
-1555
-775
-774
-773
-1547
-1549
-772
-771
-770
-1541
-1543
-769
-768
-767
-1535
-1537
-766
-765
-764
-1529
-1531
-763
-762
-761
-1523
-1525
