-96
-187
-273
-354
-430
-501
-567
-628
-684
-735
-781
-822
-858
-889
-915
-936
-952
-963
-969
-970
-966
-957
-943
-924
-900
-871
-837
-798
-754
-705
-651
-592
-528
-459
-385
-306
-222
-133
-39
60
164
273
387
506
630
759
893
1032
1176
1325
1479
1638
1802
1971
2145
2324
2508
2697
2891
3090
3294
3503
3717
3936
4160
4389
4623
4862
5106
5355
5609
5868
6132
6401
6675
6954
7238
7527
7821
8120
8424
8733
9047
9366
9690
10019
10353
10692
11036
11385
11739
12098
12462
12831
13205
13584
13968
14357
14751
15150
15554
15963
16377
16796
17220
17649
18083
18522
18966
19415
19869
20328
20792
21261
21735
22214
22698
23187
23681
24180
24684
25193
25707
26226
26750
27279
27813
28352
28896
29445
29999
30558
31122
31691
32265
32844
33428
34017
34611
35210
35814
36423
37037
37656
38280
38909
39543
40182
40826
41475
42129
42788
43452
44121
44795
45474
46158
46847
47541
48240
48944
49653
50367
51086
51810
52539
53273
54012
54756
55505
56259
57018
57782
58551
59325
60104
60888
61677
62471
63270
64074
64883
65697
66516
67340
68169
69003
69842
70686
71535
72389
73248
74112
74981
75855
76734
77618
78507
79401
80300
81204
82113
83027
83946
84870
85799
86733
87672
88616
89565
90519
91478
92442
93411
94385
95364
96348
97337
98331
99330
100334
101343
102357
103376
104400
105429
106463
107502
108546
109595
110649
111708
112772
113841
114915
115994
117078
118167
119261
120360
121464
122573
123687
124806
125930
127059
128193
129332
130476
131625
132779
133938
135102
136271
137445
138624
139808
140997
142191
143390
144594
145803
147017
148236
149460
150689
151923
153162
154406
155655
156909
158168
159432
160701
161975
163254
164538
165827
167121
168420
169724
171033
172347
173666
174990
176319
177653
178992
180336
181685
183039
184398
185762
187131
188505
189884
191268
192657
194051
195450
196854
198263
199677
201096
202520
203949
205383
206822
208266
209715
211169
212628
214092
215561
217035
218514
219998
221487
222981
224480
225984
227493
229007
230526
232050
233579
235113
236652
238196
239745
241299
242858
244422
245991
247565
249144
250728
252317
253911
255510
257114
258723
260337
261956
263580
265209
266843
268482
270126
271775
273429
275088
276752
278421
280095
281774
283458
285147
286841
288540
290244
291953
293667
295386
297110
298839
300573
302312
304056
305805
307559
309318
311082
312851
314625
316404
318188
319977
321771
323570
325374
327183
328997
330816
332640
334469
336303
338142
339986
341835
343689
345548
347412
349281
351155
353034
354918
356807
358701
360600
362504
364413
366327
368246
370170
372099
374033
375972
377916
379865
381819
383778
385742
387711
389685
391664
393648
395637
397631
399630
401634
403643
405657
407676
409700
411729
413763
415802
417846
419895
421949
424008
426072
428141
430215
432294
434378
436467
438561
440660
442764
444873
446987
449106
451230
453359
455493
457632
459776
461925
464079
466238
468402
470571
472745
474924
477108
479297
481491
483690
485894
488103
490317
492536
494760
496989
499223
501462
503706
505955
508209
510468
512732
515001
517275
519554
521838
524127
526421
528720
531024
533333
535647
537966
540290
542619
544953
547292
549636
551985
554339
556698
559062
561431
563805
566184
568568
570957
573351
575750
578154
580563
582977
585396
587820
590249
592683
595122
597566
600015
602469
604928
607392
609861
612335
614814
617298
619787
622281
624780
627284
629793
632307
634826
637350
639879
642413
644952
647496
650045
652599
655158
657722
660291
662865
665444
668028
670617
673211
675810
678414
681023
683637
686256
688880
691509
694143
696782
699426
702075
704729
707388
710052
712721
715395
718074
720758
723447
726141
728840
731544
734253
736967
739686
742410
745139
747873
750612
753356
756105
758859
761618
764382
767151
769925
772704
775488
778277
781071
783870
786674
789483
792297
795116
797940
800769
803603
806442
809286
812135
814989
817848
820712
823581
826455
829334
832218
835107
838001
840900
843804
846713
849627
852546
855470
858399
861333
864272
867216
870165
873119
876078
879042
882011
884985
887964
890948
893937
896931
899930
902934
905943
908957
911976
915000
918029
921063
924102
927146
930195
933249
936308
939372
942441
945515
948594
951678
954767
957861
960960
964064
967173
970287
973406
976530
979659
982793
985932
989076
992225
995379
998538
1001702
1004871
1008045
1011224
1014408
1017597
1020791
1023990
1027194
1030403
1033617
1036836
1040060
1043289
1046523
1049762
1053006
1056255
1059509
1062768
1066032
1069301
1072575
1075854
1079138
1082427
1085721
1089020
1092324
1095633
1098947
1102266
1105590
1108919
1112253
1115592
1118936
1122285
1125639
1128998
1132362
1135731
1139105
1142484
1145868
1149257
1152651
1156050
1159454
1162863
1166277
1169696
1173120
1176549
1179983
1183422
1186866
1190315
1193769
1197228
1200692
1204161
1207635
1211114
1214598
1218087
1221581
1225080
1228584
1232093
1235607
1239126
1242650
1246179
1249713
1253252
1256796
1260345
1263899
1267458
1271022
1274591
1278165
1281744
1285328
1288917
1292511
1296110
1299714
1303323
1306937
1310556
1314180
1317809
1321443
1325082
1328726
1332375
1336029
1339688
1343352
1347021
1350695
1354374
1358058
1361747
1365441
1369140
1372844
1376553
1380267
1383986
1387710
1391439
1395173
1398912
1402656
1406405
1410159
1413918
1417682
1421451
1425225
1429004
1432788
1436577
1440371
1444170
1447974
1451783
1455597
1459416
1463240
1467069
1470903
1474742
1478586
1482435
1486289
1490148
1494012
1497881
1501755
1505634
1509518
1513407
1517301
1521200
1525104
1529013
1532927
1536846
1540770
1544699
1548633
1552572
1556516
1560465
1564419
1568378
1572342
1576311
1580285
1584264
1588248
1592237
1596231
1600230
1604234
1608243
1612257
1616276
1620300
1624329
1628363
1632402
1636446
1640495
1644549
1648608
1652672
1656741
1660815
1664894
1668978
1673067
1677161
1681260
1685364
1689473
1693587
1697706
1701830
1705959
1710093
1714232
1718376
1722525
1726679
1730838
1735002
1739171
1743345
1747524
1751708
1755897
1760091
1764290
1768494
1772703
1776917
1781136
1785360
1789589
1793823
1798062
1802306
1806555
1810809
1815068
1819332
1823601
1827875
1832154
1836438
1840727
1845021
1849320
1853624
1857933
1862247
1866566
1870890
1875219
1879553
1883892
1888236
1892585
1896939
1901298
1905662
1910031
1914405
1918784
1923168
1927557
1931951
1936350
1940754
1945163
1949577
1953996
1958420
1962849
1967283
1971722
1976166
1980615
1985069
1989528
1993992
1998461
2002935
2007414
2011898
2016387
2020881
2025380
2029884
2034393
2038907
2043426
2047950
2052479
2057013
2061552
2066096
2070645
2075199
2079758
2084322
2088891
2093465
2098044
2102628
2107217
2111811
2116410
2121014
2125623
2130237
2134856
2139480
2144109
2148743
2153382
2158026
2162675
2167329
2171988
2176652
2181321
2185995
2190674
2195358
2200047
2204741
2209440
2214144
2218853
2223567
2228286
2233010
2237739
2242473
2247212
2251956
2256705
2261459
2266218
2270982
2275751
2280525
2285304
2290088
2294877
2299671
2304470
2309274
2314083
2318897
2323716
2328540
2333369
2338203
2343042
2347886
2352735
2357589
2362448
2367312
2372181
2377055
2381934
2386818
2391707
2396601
2401500
